0.000000000000000000e+00 -1.674077980710957925e-01 1.265419154869150756e-02
0.000000000000000000e+00 -1.175379336742174291e-01 -1.691020370794466682e-02
0.000000000000000000e+00 -7.878424632937967853e-02 -4.483263833016681854e-02
0.000000000000000000e+00 -9.746720211898478314e-02 -3.289981858464512132e-02
0.000000000000000000e+00 -1.423096747820201680e-01 3.189640994224582100e-03
0.000000000000000000e+00 -1.420685777548532924e-01 2.463062242948608517e-03
0.000000000000000000e+00 -1.181752470100377594e-01 -1.229730346957634557e-02
0.000000000000000000e+00 -9.431373534815516713e-02 -2.763014819785455933e-02
0.000000000000000000e+00 -1.118560655207714444e-01 -9.654921283525854173e-03
0.000000000000000000e+00 -1.386500222790473802e-01 9.476014299323067686e-03
0.000000000000000000e+00 -1.255292682377378843e-01 4.869901068690133707e-03
0.000000000000000000e+00 -8.053391766849220257e-02 -4.024171033809419151e-02
0.000000000000000000e+00 -1.285684412060874582e-01 4.940173360758217530e-03
0.000000000000000000e+00 -1.235030234433939639e-01 1.671741320872725551e-03
0.000000000000000000e+00 -7.111737266886196396e-02 -3.244704010944565731e-02
0.000000000000000000e+00 -1.244103831733355675e-01 -6.238430039068814693e-03
0.000000000000000000e+00 -1.322715835541652396e-01 -2.769264277682684152e-03
0.000000000000000000e+00 -1.120730792524912284e-01 -1.085885382211409719e-02
0.000000000000000000e+00 -1.224117736820933972e-01 3.570199708555709360e-03
0.000000000000000000e+00 -1.976369702573890774e-01 4.273042430363829802e-02
0.000000000000000000e+00 -2.118308984128053074e-01 5.586534190387899140e-02
0.000000000000000000e+00 -1.235956217764576509e-01 -6.065611482531718841e-03
0.000000000000000000e+00 -1.611147380954215114e-01 1.724100779304866757e-02
0.000000000000000000e+00 -1.648493582550938918e-01 1.926288326029075917e-02
0.000000000000000000e+00 -1.670035810475158089e-01 3.005873796277432064e-02
0.000000000000000000e+00 -1.924313081629882294e-01 3.669851826788021742e-02
0.000000000000000000e+00 -1.921416665877028751e-01 3.959439346130381315e-02
0.000000000000000000e+00 -1.357244785467404402e-01 1.506129405797066410e-02
0.000000000000000000e+00 -1.051818195859009902e-01 -1.471992817841036999e-02
0.000000000000000000e+00 -1.804186904413162262e-01 2.933001076684337363e-02
1.000000000000000000e+00 -2.763020069617488361e-01 9.013336038593773580e-02
1.000000000000000000e+00 -2.760133539411795955e-01 8.904337599256417768e-02
0.000000000000000000e+00 -1.630545475792116450e-01 9.846005367327489294e-03
0.000000000000000000e+00 -1.203277480625735280e-01 -8.200078421800571435e-03
0.000000000000000000e+00 -1.209664235337876564e-01 3.968766560866690205e-03
0.000000000000000000e+00 -1.050935539826310244e-01 -1.563709255111382299e-02
0.000000000000000000e+00 -1.251184621820538023e-01 4.895591592827651904e-03
0.000000000000000000e+00 -1.506186944075880163e-01 1.712390447083316988e-02
0.000000000000000000e+00 -1.392027638492094044e-01 -2.052782449335038535e-04
0.000000000000000000e+00 -1.230778335523153855e-01 -6.365288803427642103e-04
0.000000000000000000e+00 -9.886361705712042036e-02 -9.925862962254330610e-03
0.000000000000000000e+00 -9.900277840544707830e-02 -1.683731365197190313e-02
0.000000000000000000e+00 -1.719522818884565429e-01 3.430982996601521229e-02
0.000000000000000000e+00 -1.742622635379987850e-01 3.690049364451018776e-02
0.000000000000000000e+00 -1.293700455683384487e-01 -2.896928722409505049e-03
0.000000000000000000e+00 -1.176638970410841395e-01 -7.990507643489011200e-03
0.000000000000000000e+00 -4.599829440523715146e-02 -5.504533565337811629e-02
0.000000000000000000e+00 -7.519199343645094347e-02 -3.311084557426888231e-02
0.000000000000000000e+00 -1.407780068023713194e-01 1.816200788966369425e-02
0.000000000000000000e+00 -1.871640011073269216e-01 4.811345125464353695e-02
0.000000000000000000e+00 -1.749605865755926859e-01 3.416454433405619745e-02
0.000000000000000000e+00 -1.081573789201340507e-01 -1.360935535125448216e-02
0.000000000000000000e+00 -7.007685086593452850e-02 -4.136277497854864982e-02
0.000000000000000000e+00 -1.309318400191818443e-01 -5.563414078216610088e-04
0.000000000000000000e+00 -1.507338946576801397e-01 1.092087277636020343e-02
0.000000000000000000e+00 -1.221143682971696370e-01 -1.362650671360232657e-02
0.000000000000000000e+00 -1.643186202762968451e-01 1.780262197206660540e-02
0.000000000000000000e+00 -2.027905115379476098e-01 4.328702122124043761e-02
0.000000000000000000e+00 -1.836784490625670563e-01 3.007194631859189810e-02
0.000000000000000000e+00 -1.888949593080319622e-01 3.120976879094935694e-02
0.000000000000000000e+00 -2.093276592007384806e-01 5.304383702266599748e-02
0.000000000000000000e+00 -1.612542167985915043e-01 1.014569002521572595e-02
0.000000000000000000e+00 -1.670526354093778143e-01 2.151485490390044053e-02
0.000000000000000000e+00 -1.651694945204957576e-01 1.561966331851082947e-02
0.000000000000000000e+00 -1.500831645423720828e-01 -5.492292837236433575e-04
0.000000000000000000e+00 -1.325283846559849876e-01 -4.328784638911484933e-03
0.000000000000000000e+00 -1.181964654847144636e-01 -7.784232139374606778e-03
0.000000000000000000e+00 -7.192404198531100745e-02 -3.479957729299103936e-02
0.000000000000000000e+00 -1.159800047638106790e-01 -3.147482186903035641e-03
0.000000000000000000e+00 -1.577343173703092960e-01 2.536688925740876455e-02
0.000000000000000000e+00 -1.680649288945113284e-01 3.246120886203107681e-02
0.000000000000000000e+00 -1.817066536120957032e-01 3.913916114943175040e-02
0.000000000000000000e+00 -1.626742246581464324e-01 1.828650227867897188e-02
0.000000000000000000e+00 -1.618694369530057631e-01 2.171020748384507731e-02
0.000000000000000000e+00 -2.003319605459449870e-01 4.215583424501251342e-02
0.000000000000000000e+00 -1.842844098560761923e-01 2.467380647152955450e-02
0.000000000000000000e+00 -2.452158230915690851e-01 5.529442019022646343e-02
0.000000000000000000e+00 -2.454806426918020312e-01 5.668310759262635418e-02
0.000000000000000000e+00 -1.165313021727177184e-01 3.233178727129656363e-04
0.000000000000000000e+00 -1.794921006942105379e-01 3.618957469351177791e-02
0.000000000000000000e+00 -1.605763783621126095e-01 1.904551380353547083e-02
0.000000000000000000e+00 -1.594410289655343316e-01 1.567039790011032913e-02
0.000000000000000000e+00 -1.735352749540548245e-01 2.623499779973844162e-02
0.000000000000000000e+00 -1.538110746382760907e-01 7.679926801386303785e-03
0.000000000000000000e+00 -1.461564798353579830e-01 6.402042957791181151e-04
0.000000000000000000e+00 -9.584976151057958416e-02 -2.181063927509184833e-02
0.000000000000000000e+00 -1.138121408849161326e-01 -3.850262208700146269e-03
0.000000000000000000e+00 -9.126514520892349547e-02 -2.407221140503689946e-02
0.000000000000000000e+00 -1.977810735322669267e-01 2.429394589916112832e-02
0.000000000000000000e+00 -2.204360520409362756e-01 4.304359238128459969e-02
0.000000000000000000e+00 -1.478087880196206072e-01 1.180799950803044888e-02
0.000000000000000000e+00 -7.221874778680231755e-02 -2.616084774330331916e-02
0.000000000000000000e+00 -7.678702298779527258e-02 -3.367026421881214038e-02
0.000000000000000000e+00 -1.204740603703871316e-01 -4.442536717700536555e-03
0.000000000000000000e+00 -1.289017828759947415e-01 1.549195556199196248e-03
0.000000000000000000e+00 -1.012216917370911129e-01 -1.704192777382061014e-02
0.000000000000000000e+00 -8.038067236365283030e-02 -2.733168018994194468e-02
0.000000000000000000e+00 -9.184444959702528499e-02 -1.986437877794311468e-02
0.000000000000000000e+00 -1.157293535052099087e-01 -6.331913596498160539e-03
0.000000000000000000e+00 -1.104184622692136880e-01 -9.274966324916460864e-03
0.000000000000000000e+00 -1.216694612323374891e-01 -3.194345764268222837e-03
0.000000000000000000e+00 -1.240477767163740974e-01 -4.576673084357114028e-03
0.000000000000000000e+00 -8.533497057039284017e-02 -3.300865268420101473e-02
0.000000000000000000e+00 -1.326227284937286366e-01 1.042974778598956993e-02
0.000000000000000000e+00 -1.444865789542692514e-01 9.392981782928818899e-03
0.000000000000000000e+00 -1.603338570776393912e-01 1.746140775522074876e-02
0.000000000000000000e+00 -1.840938465610361396e-01 2.956611721657915678e-02
0.000000000000000000e+00 -1.419363354493796969e-01 -4.488420131872483329e-03
0.000000000000000000e+00 -1.007585122926325377e-01 -1.360844049815528034e-02
0.000000000000000000e+00 -1.953291610222837871e-01 4.182873135452240543e-02
0.000000000000000000e+00 -2.026429355521049414e-01 4.753349318237961446e-02
1.000000000000000000e+00 -2.324788261431006975e-01 5.566843972551653585e-02
1.000000000000000000e+00 -2.259283944804756361e-01 4.825798590363425400e-02
0.000000000000000000e+00 -1.173662032511774145e-01 -8.087478912250017221e-03
0.000000000000000000e+00 -1.061057149015576379e-01 -1.350915437115539526e-02
0.000000000000000000e+00 -1.280172295166204233e-01 7.120895206210161275e-03
0.000000000000000000e+00 -1.360108593679147382e-01 9.418418848661225945e-03
0.000000000000000000e+00 -1.257341641512887132e-01 7.514105673930391617e-03
0.000000000000000000e+00 -2.194021044256818653e-01 4.051025043669381764e-02
0.000000000000000000e+00 -2.263173945992897895e-01 4.675867428061321329e-02
0.000000000000000000e+00 -1.786228873747869317e-01 3.368757403709245202e-02
0.000000000000000000e+00 -1.610069102768911520e-01 2.305054478283828298e-02
0.000000000000000000e+00 -5.709738154110882008e-02 -5.654709536803115971e-02
0.000000000000000000e+00 -6.478606197184462456e-02 -4.907767758384221773e-02
0.000000000000000000e+00 -7.428662578945116612e-02 -3.546432020843421490e-02
0.000000000000000000e+00 -1.177110249466437469e-01 -7.243489469421168260e-03
0.000000000000000000e+00 -1.524856743982745955e-01 1.695519354529413658e-02
0.000000000000000000e+00 -1.212854241248612214e-01 -6.307442313519854085e-03
0.000000000000000000e+00 -1.288059688225457466e-01 2.670863167633939165e-03
0.000000000000000000e+00 -1.329791517030838033e-01 5.997323448181425716e-03
0.000000000000000000e+00 -1.063377409510956051e-01 -1.265323703241702340e-02
0.000000000000000000e+00 -9.077001648801166778e-02 -3.055745919342438971e-02
0.000000000000000000e+00 -1.129242412782089783e-01 -6.212154907508915351e-03
0.000000000000000000e+00 -1.184610253858517231e-01 -3.680226010021583373e-03
0.000000000000000000e+00 -9.260215146855624302e-02 -2.164895755193655888e-02
0.000000000000000000e+00 -7.673956065306114516e-02 -2.749216230353398668e-02
0.000000000000000000e+00 -8.596520842045365929e-02 -2.432612538733679164e-02
0.000000000000000000e+00 -1.460485006108324935e-01 4.383076736745755188e-03
0.000000000000000000e+00 -1.437043452935568844e-01 1.630362675169099015e-03
0.000000000000000000e+00 -6.957186845022834965e-02 -3.501953866366109419e-02
0.000000000000000000e+00 -9.908457425442317168e-02 -1.001869054204227762e-02
0.000000000000000000e+00 -1.936507013558153301e-01 4.351724255023883825e-02
0.000000000000000000e+00 -1.880223385238670442e-01 3.893224857408397743e-02
0.000000000000000000e+00 -9.062716328065588411e-02 -2.459915429786666691e-02
0.000000000000000000e+00 -7.151249320604018134e-02 -3.822625849568866280e-02
0.000000000000000000e+00 -9.019397159142084064e-02 -2.900324193205185141e-02
0.000000000000000000e+00 -1.125484362580732589e-01 -1.055438014924004776e-02
0.000000000000000000e+00 -1.014715644626593000e-01 -1.621801163324630007e-02
0.000000000000000000e+00 -1.120602977270173661e-01 -8.716477993254726983e-03
0.000000000000000000e+00 -1.640076592234365194e-01 2.422535568825602212e-02
0.000000000000000000e+00 -1.786163698071061290e-01 3.174166556014192814e-02
0.000000000000000000e+00 -1.306445382986633208e-01 5.233130717442875841e-03
0.000000000000000000e+00 -1.261038061995718995e-01 7.980538548633613061e-03
0.000000000000000000e+00 -1.409816792725430146e-01 1.248952428881923253e-02
0.000000000000000000e+00 -1.462069897536852625e-01 6.223630211042340682e-03
0.000000000000000000e+00 -2.142710529358703431e-01 4.954232060493223011e-02
0.000000000000000000e+00 -2.235212407557059799e-01 5.787144187821088165e-02
0.000000000000000000e+00 -1.539161473765935095e-01 1.332112094764364464e-02
1.000000000000000000e+00 -2.701048463412242806e-01 8.247279242440905267e-02
1.000000000000000000e+00 -2.771168418096028319e-01 8.285135790926047294e-02
0.000000000000000000e+00 -1.957678581766891801e-01 4.258111567540668468e-02
0.000000000000000000e+00 -2.414390217178620790e-01 7.839730592541752086e-02
0.000000000000000000e+00 -2.295874839457993644e-01 6.917604828568534037e-02
0.000000000000000000e+00 -1.222471514139126386e-01 -4.753378549257854420e-03
0.000000000000000000e+00 -1.979554926597479059e-01 3.088237083416581902e-02
0.000000000000000000e+00 -2.085131312439535978e-01 4.656989614468941274e-02
0.000000000000000000e+00 -1.233480554750107649e-01 -1.032868334267558665e-03
0.000000000000000000e+00 -1.497323684474132222e-01 5.459698139101635400e-03
0.000000000000000000e+00 -1.339062472144711968e-01 -5.936320070652460583e-03
0.000000000000000000e+00 -1.149244476171036172e-01 -8.908987962677831704e-03
0.000000000000000000e+00 -1.150945903823854671e-01 -1.048094768956605097e-02
0.000000000000000000e+00 -1.496399132392963460e-01 4.474611334002143517e-03
0.000000000000000000e+00 -1.692826316334015702e-01 2.550110531422076707e-02
0.000000000000000000e+00 -1.148448877854358202e-01 -1.528488527316942654e-03
0.000000000000000000e+00 -9.168230231107628303e-02 -2.029031747153718993e-02
0.000000000000000000e+00 -1.248507754264317621e-01 1.001897890267647653e-03
0.000000000000000000e+00 -1.055791822158610727e-01 -1.772581583314199530e-02
0.000000000000000000e+00 -8.667147719567858122e-02 -3.381759865863665643e-02
0.000000000000000000e+00 -1.126229226607456807e-01 -9.589390685913669332e-03
0.000000000000000000e+00 -1.160119583971194746e-01 -1.263020279778419947e-03
0.000000000000000000e+00 -1.104846921315837394e-01 -3.896273368508402189e-03
0.000000000000000000e+00 -9.165714119978210506e-02 -2.331741348298330130e-02
0.000000000000000000e+00 -1.703543114169413786e-01 1.643879699349729342e-02
0.000000000000000000e+00 -1.758683710133698563e-01 2.582892480582615891e-02
0.000000000000000000e+00 -8.729369657847706188e-02 -2.741430040371373167e-02
0.000000000000000000e+00 -1.191887062196755331e-01 -4.685695153511569913e-03
0.000000000000000000e+00 -1.671091826512994261e-01 2.008327539567941397e-02
0.000000000000000000e+00 -1.619387019364728897e-01 1.210632244300432342e-02
0.000000000000000000e+00 -1.118933511274474990e-01 -2.055764863230018571e-02
0.000000000000000000e+00 -1.095246099915861415e-01 -8.580631071967072948e-03
0.000000000000000000e+00 -8.771704785540766769e-02 -2.861528597630139115e-02
0.000000000000000000e+00 -1.536305401172688434e-01 1.235388194203041780e-02
0.000000000000000000e+00 -1.474881470547335649e-01 5.347889627342746963e-03
0.000000000000000000e+00 -1.782804305296716019e-01 2.781633012777758041e-02
0.000000000000000000e+00 -1.778269196722311041e-01 2.178682558860510834e-02
0.000000000000000000e+00 -7.940336486604651633e-02 -3.628882693520719960e-02
0.000000000000000000e+00 -1.055347683666261055e-01 -1.318878747368794693e-02
0.000000000000000000e+00 -1.630634365286845189e-01 1.478751031751507003e-02
0.000000000000000000e+00 -1.776304330049659486e-01 2.873355656998124313e-02
0.000000000000000000e+00 -1.287712404606817240e-01 -9.225777925617246371e-04
0.000000000000000000e+00 -1.058059904135492529e-01 -2.115934235556416257e-02
0.000000000000000000e+00 -1.654347322003409670e-01 1.065511771124759248e-02
0.000000000000000000e+00 -1.831182572697652722e-01 2.533196271000405161e-02
0.000000000000000000e+00 -1.430453264355785459e-01 4.058855345150724943e-03
0.000000000000000000e+00 -1.363977811413446262e-01 3.786047751419073949e-03
0.000000000000000000e+00 -1.801536774599607760e-01 2.745952966851041357e-02
0.000000000000000000e+00 -1.703901663623573204e-01 1.320513205756298353e-02
0.000000000000000000e+00 -1.014208896411965544e-01 -2.414032718788953341e-02
0.000000000000000000e+00 -8.510849658178322452e-02 -2.904392970970188712e-02
0.000000000000000000e+00 -9.258556933268669020e-02 -2.321054001654078783e-02
0.000000000000000000e+00 -8.107891306845273205e-02 -3.013191899242385896e-02
0.000000000000000000e+00 -6.957078323863191693e-02 -3.685252665662192700e-02
0.000000000000000000e+00 -1.060857608340101677e-01 -3.620509923442905530e-03
0.000000000000000000e+00 -1.254946498592376392e-01 2.211996211768181911e-03
0.000000000000000000e+00 -1.136544600695914425e-01 -1.178210854088985841e-02
1.000000000000000000e+00 -2.164172074936114021e-01 4.094388962943920629e-02
1.000000000000000000e+00 -2.235353296727983496e-01 5.251726720549926980e-02
0.000000000000000000e+00 -1.308115469716077672e-01 1.032800312113911489e-02
0.000000000000000000e+00 -1.637124744016845990e-01 2.488374767181107672e-02
0.000000000000000000e+00 -1.497645441218326268e-01 1.715590935212881613e-02
0.000000000000000000e+00 -1.107514409206126899e-01 -1.387593705949939638e-02
0.000000000000000000e+00 -1.246155935317142111e-01 -6.650326321438634197e-03
0.000000000000000000e+00 -1.277898411769401721e-01 7.029990234562921020e-03
0.000000000000000000e+00 -1.083299873604048891e-01 -9.035544634168623385e-03
0.000000000000000000e+00 -8.660972291028573578e-02 -2.567231825980542323e-02
0.000000000000000000e+00 -7.799479132674037862e-02 -3.974167161463999787e-02
0.000000000000000000e+00 -1.492529087943569588e-01 1.896565933566464815e-02
0.000000000000000000e+00 -1.576178636975602287e-01 2.603147903300395000e-02
0.000000000000000000e+00 -1.148566703493432706e-01 -6.260934889310666024e-03
0.000000000000000000e+00 -7.961595789707856530e-02 -3.620655407300464590e-02
0.000000000000000000e+00 -1.381471200547991218e-01 8.613734748386839973e-03
0.000000000000000000e+00 -1.383108203186958207e-01 5.398294118693215508e-03
0.000000000000000000e+00 -1.178747680164313749e-01 -3.103372443931161871e-03
0.000000000000000000e+00 -1.284981148458371192e-01 2.414776456617271326e-03
0.000000000000000000e+00 -1.532394230269914226e-01 1.002000651191930873e-02
0.000000000000000000e+00 -1.555920783616977776e-01 1.367386930010163100e-02
